2 3 1 4
1 4 2 5
2 5 1 6
1 6 2 7
2 7 1 8
1 8 2 9
newline
2 3 3 3
tab
2 5 3 5
tab
2 7 3 7
tab
2 9 3 9
newline
4 2 3 3
3 3 4 4
4 4 3 5
3 5 4 6
4 6 3 7
3 7 4 8
4 8 3 9
3 9 4 10
newline
4 2 5 2
tab
4 4 5 4
tab
4 6 5 6
tab
4 8 5 8
tab
4 10 5 10
newline
6 1 5 2
5 2 6 3
6 3 5 4
5 4 6 5
6 5 5 6
5 6 6 7
6 7 5 8
5 8 6 9
6 9 5 10
5 10 6 11
newline
6 1 7 1
tab
6 3 7 3
tab
6 5 7 5
tab
6 7 7 7
tab
6 9 7 9
tab
6 11 7 11
newline
7 1 8 2
8 2 7 3
7 3 8 4
8 4 7 5
7 5 8 6
8 6 7 7
7 7 8 8
8 8 7 9
7 9 8 10
8 10 7 11
newline
8 2 9 2
tab
8 4 9 4
tab
8 6 9 6
tab
8 8 9 8
tab
8 10 9 10
newline
9 2 10 3
10 3 9 4
9 4 10 5
10 5 9 6
9 6 10 7
10 7 9 8
9 8 10 9
10 9 9 10
newline
10 3 11 3
tab
10 5 11 5
tab
10 7 11 7
tab
10 9 11 9
newline
11 3 12 4
12 4 11 5
11 5 12 6
12 6 11 7
11 7 12 8
12 8 11 9
newline
exit
